0.260799 0.847631
0.291852 0.429823
0.258699 0.988010
0.674817 0.338495
0.284952 0.971464
0.577376 0.655201
0.287984 0.531803
0.958262 0.965600
0.885589 0.088494
0.005879 0.545291
0.562608 0.322636
0.736953 0.543084
0.038745 0.871066
0.022575 0.885181
0.542414 0.622749
0.121128 0.560806
0.390351 0.523327
0.825487 0.891113
0.034777 0.949511
0.604743 0.578820
0.880467 0.264506
0.245519 0.168925
0.939397 0.428537
0.700442 0.963330
0.305893 0.760373
0.311133 0.921410
0.087178 0.551711
0.638706 0.293161
0.635977 0.751508
0.396500 0.109598
0.627612 0.639825
0.158444 0.602736
0.532528 0.642405
0.087799 0.559081
0.296679 0.304958
0.829805 0.222629
0.906131 0.213087
0.646479 0.185328
0.294043 0.621922
0.765449 0.893185
0.698948 0.495183
0.885490 0.042293
0.292975 0.127656
0.107246 0.336753
0.253403 0.396695
0.184602 0.557452
0.803501 0.807928
0.230795 0.264709
0.705116 0.440751
0.087960 0.900273
0.370797 0.426541
0.226501 0.136769
0.915348 0.964161
0.043492 0.619196
0.434414 0.895387
0.140933 0.551482
0.693400 0.413511
0.757348 0.231068
0.373512 0.978974
0.762072 0.193100
0.746689 0.961834
0.686881 0.579884
0.747894 0.488633
0.936367 0.418650
0.286493 0.087606
0.441514 0.559101
0.581033 0.902335
0.537511 0.634162
0.280397 0.373050
0.139625 0.134742
0.746029 0.802735
0.828822 0.438138
0.875499 0.018859
0.887106 0.820317
0.740890 0.425774
0.121540 0.273678
0.746759 0.962714
0.002141 0.269159
0.532380 0.899346
0.415927 0.687531
0.018710 0.387923
0.540986 0.304330
0.255857 0.991715
0.003148 0.548554
0.249841 0.863918
0.321216 0.081969
0.518874 0.042595
0.985711 0.901607
0.452860 0.939544
0.836013 0.894515
0.521616 0.865680
0.988928 0.904604
0.218220 0.487281
0.591279 0.148615
0.661074 0.468785
0.394326 0.918634
0.710079 0.608713
0.417396 0.282856
0.145049 0.098536
0.301844 0.531805
0.592278 0.028259
0.807080 0.082390
0.096860 0.250005
0.201376 0.032639
0.194004 0.539821
0.126212 0.547365
0.542621 0.852124
0.821599 0.006715
0.837612 0.848936
0.075277 0.742892
0.138518 0.598026
0.520756 0.664781
0.221577 0.742656
0.872684 0.271582
0.152690 0.366376
0.277278 0.985929
0.707120 0.999077
0.235868 0.009572
0.493906 0.999368
0.209904 0.452251
0.907525 0.629586
0.172298 0.073787
0.128189 0.886376
0.254194 0.991688
0.395766 0.158457
0.713682 0.537939
0.817093 0.301931
0.935725 0.481520
0.702655 0.396173
0.760963 0.580908
0.858732 0.322418
0.683792 0.464435
0.092545 0.103269
0.501742 0.631516
0.166188 0.241142
0.464439 0.564868
0.683771 0.291524
0.743697 0.705142
0.999569 0.794632
0.094434 0.167256
0.034413 0.020702
0.847710 0.977136
0.700767 0.440359
0.854449 0.412580
0.476821 0.659488
0.072928 0.144255
0.206944 0.595196
0.673630 0.834049
0.039225 0.745910
0.989187 0.490778
0.606745 0.424767
0.036278 0.796986
0.255210 0.189238
0.317850 0.786173
0.933923 0.368675
0.048729 0.025255
0.380240 0.541389
0.704009 0.409466
0.566553 0.829968
0.118737 0.543542
0.176241 0.347532
0.501904 0.094106
0.400809 0.876420
0.952969 0.258553
0.968577 0.744538
0.942894 0.780182
0.036104 0.529119
0.512552 0.306239
0.034199 0.237028
0.134994 0.865174
0.547447 0.548618
0.217213 0.676252
0.095189 0.245844
0.470460 0.508834
0.248870 0.794422
0.441858 0.296299
0.525051 0.207452
0.007747 0.354640
0.838809 0.930162
0.785096 0.309854
0.478912 0.616503
0.590420 0.032031
0.649444 0.947704
0.829543 0.031418
0.784086 0.667679
0.046490 0.371515
0.777604 0.501008
0.233986 0.911431
0.462958 0.379821
0.070783 0.385958
0.744249 0.002222
0.498444 0.633886
0.303305 0.148756
0.720373 0.246521
0.264435 0.913198
0.463923 0.751133
0.114600 0.257063
0.565165 0.490422
0.794061 0.302263
0.288662 0.571553
0.804325 0.314213
0.733666 0.998394
0.247590 0.727503
0.463545 0.881671
0.868056 0.999575
0.278913 0.137648
0.113735 0.497029
0.642280 0.751688
0.599770 0.180680
0.196604 0.464926
0.008412 0.893141
0.857232 0.231369
0.252819 0.770686
0.261147 0.188813
0.753073 0.378548
0.305063 0.038167
0.685274 0.167071
0.436150 0.961159
0.193610 0.213311
0.424999 0.939245
0.867346 0.193864
0.212965 0.896024
0.469169 0.706147
0.706709 0.740888
0.762760 0.934325
0.555390 0.803478
0.764048 0.996505
0.047631 0.001161
0.797942 0.763086
0.362516 0.829969
0.037593 0.820366
0.122889 0.611672
0.718918 0.839407
0.142535 0.604804
0.653594 0.591799
0.677962 0.334226
0.416349 0.710054
0.877457 0.645292
0.083542 0.865115
0.152188 0.551102
0.422030 0.669518
0.880628 0.616687
0.952227 0.762343
0.509844 0.674683
0.160031 0.824368
0.558146 0.434539
0.502519 0.623864
0.948231 0.388124
0.890997 0.323840
0.407878 0.310275
